# Event study P2.3

Cosecha: 071ddb2b2c43c28c36517fd55b4388cee00aac16d11d27a992e250e8af253841
Población: d31
Universo: c8496446d9b04795b8533e25e794c6141a4e73db73c0ef9bf98599b70f952132
Horizonte: medio | coste 0.20% | warmup 250 velas | horizonte máximo 250 velas
Activos evaluados: 103 | señales evaluadas: 103885

Estimadores pre-registrados 2026-09-02:
Primario: media por bloque de expectancy neta en R +0.109; IC95=[-0.038, 0.207]; bloques=5; longitud=300 sesiones.
Primario por banda:
label                 n  bloques  media_R   IC95
<50                 39310        5   +0.176   [0.004, 0.313]
50-60               40450        5   +0.054   [-0.115, 0.171]
60-70               21601        5   +0.086   [-0.002, 0.156]
70-80                2429        5   -0.066   [-0.575, 0.234]
80+                    70        4   +0.163   [-0.158, 0.484]
Primario por región:
label                 n  bloques  media_R   IC95
ASIA                17811        5   +0.042   [-0.199, 0.208]
EMERGING_MARKETS     1021        5   -0.100   [-0.639, 0.246]
EUROPA              32723        5   +0.106   [0.070, 0.149]
GLOBAL               8592        5   +0.061   [-0.125, 0.208]
USA                 43713        5   +0.151   [-0.036, 0.295]
Primario por activo:
label                 n  bloques  media_R   IC95
000660.KS             968        5   +0.311   [0.057, 0.575]
0700.HK               976        5   -0.216   [-0.745, 0.164]
1810.HK               976        5   +0.069   [-0.217, 0.411]
4GLD.DE              1021        5   +0.078   [-0.403, 0.548]
6501.T                972        5   +0.315   [0.118, 0.435]
6758.T                972        5   +0.294   [0.072, 0.587]
6857.T                972        5   +0.312   [0.191, 0.458]
7011.T                970        5   +0.239   [0.151, 0.331]
7203.T                972        5   -0.053   [-0.393, 0.175]
8035.T                972        5   +0.140   [-0.057, 0.333]
9984.T                972        5   +0.112   [-0.119, 0.350]
9988.HK               976        5   -0.195   [-0.577, 0.060]
AAPL                 1004        5   -0.008   [-0.517, 0.299]
ABBV                 1004        5   +0.299   [0.065, 0.630]
ADBE                 1004        5   +0.163   [-0.324, 0.632]
ADYEN.AS             1029        5   -0.030   [-0.347, 0.286]
AIR.PA               1029        5   +0.223   [0.026, 0.457]
ALV.DE               1023        5   +0.271   [0.109, 0.508]
AMAT                 1004        5   +0.082   [-0.163, 0.306]
AMD                  1004        5   +0.116   [-0.235, 0.574]
AMZN                 1004        5   +0.036   [-0.643, 0.456]
APP                  1004        5   +0.199   [-0.455, 0.727]
ARM                   491        3   +0.128   [0.053, 0.207]
ASML.AS              1028        5   -0.011   [-0.293, 0.193]
AVGO                 1004        5   +0.213   [-0.029, 0.429]
AZN                   991        5   -0.010   [-0.329, 0.188]
BBVA.MC              1028        5   +0.498   [0.322, 0.690]
BRK-B                1004        5   +0.051   [-0.446, 0.532]
BSP.DE               1023        5   -0.202   [-0.521, 0.078]
BTC-EUR              1574        5   +0.027   [-0.122, 0.156]
CAT                  1004        5   +0.399   [0.151, 0.647]
COIN                 1004        5   -0.047   [-0.383, 0.234]
CRM                  1004        5   -0.001   [-0.597, 0.595]
CRWD                 1004        5   +0.105   [-0.469, 0.581]
CVX                  1004        5   +0.145   [-0.000, 0.291]
DBK.DE               1023        5   +0.372   [0.125, 0.609]
DFEN.DE               612        3   +0.096   [-0.373, 0.379]
DTE.DE               1023        5   +0.123   [-0.133, 0.379]
ENI.MI               1019        5   +0.015   [-0.304, 0.333]
ENR.DE               1023        5   +0.044   [-0.412, 0.500]
EQQQ.DE              1021        5   -0.126   [-0.669, 0.235]
ETH-EUR              1574        5   +0.019   [-0.082, 0.114]
EUNH.DE              1023        5   -0.631   [-0.881, -0.370]
EUNL.DE              1021        5   +0.053   [-0.333, 0.285]
EUNN.DE              1021        5   -0.020   [-0.573, 0.294]
EXH1.DE              1022        5   +0.010   [-0.222, 0.278]
EXSA.DE              1022        5   +0.115   [-0.121, 0.485]
EXV1.DE              1022        5   +0.388   [0.247, 0.527]
GE                   1004        5   +0.429   [0.346, 0.550]
GOOGL                1004        5   -0.005   [-0.600, 0.440]
GS                   1004        5   +0.435   [0.326, 0.530]
IBE.MC               1028        5   +0.021   [-0.291, 0.316]
ICGA.DE              1021        5   -0.298   [-0.786, 0.122]
IFX.DE               1023        5   +0.066   [-0.116, 0.260]
INFY                 1004        5   +0.049   [-0.338, 0.510]
INTC                 1004        5   +0.143   [-0.160, 0.411]
IQQK.DE              1021        5   +0.070   [-0.277, 0.406]
IQQT.DE              1021        5   -0.068   [-0.701, 0.345]
IS3N.DE              1021        5   -0.100   [-0.639, 0.246]
ITX.MC               1027        5   +0.242   [-0.092, 0.544]
JPM                  1004        5   +0.275   [0.031, 0.446]
LLY                  1004        5   +0.516   [-0.002, 1.191]
LMT                  1004        5   -0.058   [-0.217, 0.081]
LRCX                 1004        5   +0.093   [-0.271, 0.384]
MA                   1003        5   -0.011   [-0.433, 0.334]
MBG.DE               1023        5   -0.073   [-0.262, 0.130]
MC.PA                1029        5   -0.080   [-0.226, 0.066]
META                 1004        5   -0.072   [-0.884, 0.640]
MRVL                 1004        5   +0.195   [0.029, 0.362]
MSFT                 1004        5   +0.167   [-0.499, 0.676]
MU                   1004        5   +0.403   [0.341, 0.465]
MUV2.DE              1023        5   +0.193   [0.003, 0.393]
NFLX                 1004        5   +0.137   [-0.246, 0.473]
NOVO-B.CO            1000        5   +0.048   [-0.172, 0.277]
NOW                  1004        5   +0.355   [-0.106, 0.721]
NVDA                 1004        5   +0.177   [-0.246, 0.525]
OR.PA                1026        5   -0.240   [-0.708, 0.148]
ORCL                 1004        5   +0.349   [0.156, 0.569]
PANW                 1004        5   +0.091   [-0.464, 0.541]
PLTR                 1004        5   +0.505   [0.371, 0.672]
Q8Y0.DE               195        2   +0.161   [-0.238, 0.560]
QCOM                 1004        5   -0.232   [-0.459, -0.086]
QDV5.DE              1021        5   -0.149   [-0.300, 0.001]
R6C0.DE              1023        5   +0.069   [-0.129, 0.315]
RACE.MI              1019        5   +0.212   [-0.064, 0.468]
RHM.DE               1023        5   +0.005   [-0.218, 0.188]
RRU.DE               1023        5   +0.707   [0.473, 0.953]
RTX                  1004        5   +0.437   [-0.030, 0.824]
SAF.PA               1029        5   +0.349   [0.133, 0.505]
SAP.DE               1018        5   +0.106   [-0.394, 0.536]
SIE.DE               1023        5   +0.467   [0.291, 0.635]
SOL-EUR              1574        5   +0.084   [-0.147, 0.315]
SU.PA                1029        5   +0.272   [0.087, 0.485]
SXR8.DE              1021        5   -0.063   [-0.553, 0.229]
TSLA                 1004        5   -0.173   [-0.469, 0.035]
TSM                  1004        5   +0.046   [-0.488, 0.385]
TTE.PA               1029        5   -0.112   [-0.353, 0.191]
UBER                 1004        5   -0.070   [-0.231, 0.124]
V                    1004        5   +0.197   [-0.185, 0.597]
VRTX                 1004        5   +0.491   [0.056, 0.930]
VVSM.DE              1021        5   +0.062   [-0.265, 0.254]
XOM                  1004        5   +0.178   [-0.098, 0.453]
ZPRR.DE              1021        5   +0.086   [-0.072, 0.244]
Secundarios: tasa agrupada expectancy neta en R +0.163; tasa agrupada TARGET_FIRST/(TARGET_FIRST+STOP_FIRST) 0.461; P(objetivo antes de stop) [0.454, 0.454].

Estados administrados:
- TARGET_FIRST: 47152
- STOP_FIRST: 55047
- AMBIGUOUS: 25
- TIME: 3
- FINAL: 1658

Banda   n     target stop ambig tiempo final  P(objetivo antes de stop)   net_R medio  MAE gan.       MFE perd.       MFE sin objetivo
Lectura MAE/MFE: la MAE de una salida por stop vale 1,0 R por construcción; la informativa es la MAE de las ganadoras. MFE sin objetivo mantiene separado el modo potencial sin target.
<50    39323  18152 20612    13      0   546  [0.462, 0.462]         0.22      0.33    [0.42, 0.44]    [1.41, 1.43]
50-60  40454  17844 21884     4      1   721  [0.441, 0.441]         0.12      0.34    [0.40, 0.42]    [1.23, 1.24]
60-70  21608   9933 11306     7      2   360  [0.460, 0.460]         0.13      0.33    [0.40, 0.41]    [1.26, 1.27]
70-80   2430   1187 1211     1      0    31  [0.488, 0.489]         0.20      0.29    [0.40, 0.41]    [1.42, 1.43]
80+       70     36   34     0      0     0  [0.514, 0.514]         0.23      0.36    [0.45, 0.45]    [1.66, 1.66]
