# Event study P2.3

Cosecha: 071ddb2b2c43c28c36517fd55b4388cee00aac16d11d27a992e250e8af253841
Población: pre-d31
Universo: 894ce776ff8572b3a9dfc97a724f96789122e0dd2c46eef55045d4968e0b5fb0
Horizonte: swing | coste 0.20% | warmup 120 velas | horizonte máximo 40 velas
Activos evaluados: 107 | señales evaluadas: 121786

Estimadores pre-registrados 2026-09-02:
Primario: media por bloque de expectancy neta en R +0.073; IC95=[-0.053, 0.184]; bloques=21; longitud=60 sesiones.
Primario por banda:
label                 n  bloques  media_R   IC95
<50                 51159       21   +0.153   [0.019, 0.266]
50-60               44924       21   -0.011   [-0.172, 0.129]
60-70               23022       20   +0.030   [-0.113, 0.176]
70-80                2577       20   +0.007   [-0.208, 0.220]
80+                    77       16   +0.222   [-0.078, 0.521]
Primario por región:
label                 n  bloques  media_R   IC95
ASIA                22355       20   +0.095   [-0.039, 0.220]
EMERGING_MARKETS     1151       20   +0.098   [-0.154, 0.340]
EUROPA              39188       20   +0.082   [-0.027, 0.206]
GLOBAL               9632       21   +0.080   [-0.075, 0.239]
USA                 49433       20   +0.141   [0.013, 0.266]
Primario por activo:
label                 n  bloques  media_R   IC95
000660.KS            1098       20   +0.245   [-0.043, 0.522]
005930.KS            1098       20   +0.226   [-0.113, 0.560]
0700.HK              1106       20   +0.001   [-0.245, 0.280]
1211.HK              1106       20   -0.109   [-0.357, 0.124]
1810.HK              1106       20   +0.139   [-0.180, 0.472]
4GLD.DE              1151       20   +0.230   [-0.074, 0.549]
6501.T               1102       20   +0.355   [0.142, 0.556]
6758.T               1102       20   +0.106   [-0.136, 0.334]
6857.T               1102       20   +0.293   [0.076, 0.501]
7011.T               1100       20   +0.287   [0.096, 0.477]
7203.T               1102       20   +0.046   [-0.217, 0.307]
8035.T               1102       20   +0.153   [-0.089, 0.424]
9984.T               1102       20   +0.121   [-0.120, 0.375]
9988.HK              1106       20   -0.068   [-0.337, 0.229]
AAPL                 1134       20   +0.111   [-0.143, 0.356]
ABBV                 1134       20   +0.048   [-0.214, 0.281]
ADBE                 1134       20   -0.081   [-0.326, 0.182]
ADYEN.AS             1159       20   -0.040   [-0.332, 0.258]
AIR.PA               1159       20   +0.095   [-0.156, 0.351]
ALV.DE               1153       20   +0.092   [-0.183, 0.373]
AMAT                 1134       20   +0.043   [-0.197, 0.298]
AMD                  1134       20   +0.196   [-0.129, 0.539]
AMZN                 1134       20   +0.321   [0.049, 0.595]
APP                  1134       20   +0.364   [0.007, 0.728]
ARM                   621       12   +0.023   [-0.318, 0.315]
ASML.AS              1158       20   -0.008   [-0.278, 0.277]
AVGO                 1134       20   +0.167   [-0.101, 0.441]
AZN                  1121       20   -0.041   [-0.337, 0.241]
BBVA.MC              1158       20   +0.271   [0.036, 0.494]
BRK-B                1134       20   +0.035   [-0.208, 0.293]
BSP.DE               1153       20   -0.015   [-0.247, 0.210]
BTC-EUR              1704       21   +0.049   [-0.162, 0.263]
CAT                  1134       20   +0.273   [0.007, 0.540]
COIN                 1134       20   +0.059   [-0.197, 0.357]
CRM                  1134       20   +0.026   [-0.378, 0.427]
CRWD                 1134       20   +0.179   [-0.114, 0.454]
CVX                  1134       20   +0.085   [-0.125, 0.301]
DBK.DE               1153       20   +0.190   [-0.059, 0.430]
DFEN.DE               742       14   +0.315   [0.071, 0.549]
DTE.DE               1153       20   +0.170   [-0.079, 0.429]
ENI.MI               1149       20   +0.039   [-0.196, 0.265]
ENR.DE               1153       20   +0.168   [-0.158, 0.511]
EQQQ.DE              1151       20   +0.070   [-0.183, 0.325]
ETH-EUR              1704       21   +0.015   [-0.198, 0.223]
EUNH.DE              1153       20   -0.445   [-0.700, -0.159]
EUNL.DE              1151       20   +0.151   [-0.082, 0.390]
EUNN.DE              1151       20   +0.116   [-0.090, 0.334]
EXH1.DE              1152       20   +0.053   [-0.183, 0.284]
EXSA.DE              1152       20   -0.004   [-0.292, 0.280]
EXV1.DE              1152       20   +0.196   [-0.040, 0.434]
GE                   1134       20   +0.311   [0.036, 0.579]
GOOGL                1134       20   +0.216   [-0.099, 0.545]
GS                   1134       20   +0.302   [0.098, 0.521]
IBE.MC               1158       20   +0.151   [-0.069, 0.369]
ICGA.DE              1151       20   -0.092   [-0.386, 0.206]
IFX.DE               1153       20   -0.008   [-0.238, 0.225]
INFY                 1134       20   -0.113   [-0.410, 0.197]
INTC                 1134       20   +0.103   [-0.149, 0.377]
IQQK.DE              1151       20   +0.131   [-0.113, 0.374]
IQQT.DE              1151       20   +0.081   [-0.215, 0.357]
IS3N.DE              1151       20   +0.098   [-0.154, 0.340]
ITX.MC               1157       20   +0.143   [-0.098, 0.386]
JPM                  1134       20   +0.220   [-0.016, 0.448]
LLY                  1134       20   +0.223   [-0.126, 0.528]
LMT                  1134       20   -0.089   [-0.338, 0.193]
LRCX                 1134       20   +0.168   [-0.067, 0.400]
MA                   1133       20   +0.076   [-0.142, 0.316]
MBG.DE               1153       20   -0.125   [-0.379, 0.136]
MC.PA                1159       20   -0.100   [-0.406, 0.227]
META                 1134       20   +0.257   [-0.098, 0.596]
MRVL                 1134       20   +0.111   [-0.150, 0.399]
MSFT                 1134       20   +0.270   [-0.083, 0.639]
MU                   1134       20   +0.270   [0.015, 0.511]
MUV2.DE              1153       20   +0.139   [-0.105, 0.395]
NFLX                 1134       20   +0.083   [-0.219, 0.389]
NOVO-B.CO            1130       20   -0.021   [-0.262, 0.206]
NOW                  1134       20   +0.150   [-0.093, 0.436]
NVDA                 1134       20   +0.247   [-0.043, 0.534]
OR.PA                1156       20   -0.146   [-0.393, 0.115]
ORCL                 1134       20   +0.184   [-0.081, 0.446]
PANW                 1134       20   +0.109   [-0.122, 0.349]
PLTR                 1134       20   +0.420   [0.201, 0.653]
Q8Y0.DE               325        6   +0.360   [-0.141, 0.818]
QCOM                 1134       20   -0.191   [-0.410, 0.028]
QDV5.DE              1151       20   -0.084   [-0.342, 0.172]
R6C0.DE              1153       20   +0.082   [-0.147, 0.296]
RACE.MI              1149       20   +0.138   [-0.111, 0.383]
RHM.DE               1153       20   +0.027   [-0.244, 0.308]
RRU.DE               1153       20   +0.539   [0.283, 0.785]
RTX                  1134       20   +0.172   [-0.215, 0.533]
SAF.PA               1159       20   +0.313   [0.073, 0.582]
SAN.MC               1158       20   +0.275   [0.048, 0.486]
SAP.DE               1148       20   +0.012   [-0.289, 0.315]
SIE.DE               1153       20   +0.255   [0.032, 0.462]
SOL-EUR              1704       21   +0.038   [-0.142, 0.234]
SU.PA                1159       20   +0.071   [-0.150, 0.275]
SXR8.DE              1151       20   +0.102   [-0.149, 0.357]
TSLA                 1134       20   -0.050   [-0.322, 0.226]
TSM                  1134       20   +0.107   [-0.194, 0.428]
TTE.PA               1159       20   -0.072   [-0.348, 0.201]
UBER                 1134       20   +0.037   [-0.150, 0.250]
UCG.MI               1147       20   +0.402   [0.152, 0.669]
V                    1134       20   +0.065   [-0.201, 0.363]
VRTX                 1134       20   +0.225   [-0.013, 0.460]
VVSM.DE              1151       20   +0.109   [-0.122, 0.340]
XOM                  1134       20   +0.146   [-0.124, 0.396]
ZPRR.DE              1151       20   +0.061   [-0.215, 0.343]
Secundarios: tasa agrupada expectancy neta en R +0.113; tasa agrupada TARGET_FIRST/(TARGET_FIRST+STOP_FIRST) 0.438; P(objetivo antes de stop) [0.414, 0.415].

Estados administrados:
- TARGET_FIRST: 50467
- STOP_FIRST: 64775
- AMBIGUOUS: 27
- TIME: 4840
- FINAL: 1677

Banda   n     target stop ambig tiempo final  P(objetivo antes de stop)   net_R medio  MAE gan.       MFE perd.       MFE sin objetivo
Lectura MAE/MFE: la MAE de una salida por stop vale 1,0 R por construcción; la informativa es la MAE de las ganadoras. MFE sin objetivo mantiene separado el modo potencial sin target.
<50    51172  20578 27574    13   2455   552  [0.402, 0.402]         0.13      0.32    [0.40, 0.42]    [1.17, 1.19]
50-60  44929  18431 24156     5   1607   730  [0.410, 0.410]         0.08      0.32    [0.38, 0.40]    [1.13, 1.14]
60-70  23030  10190 11755     8    711   366  [0.442, 0.443]         0.12      0.31    [0.39, 0.40]    [1.22, 1.22]
70-80   2578   1230 1252     1     66    29  [0.477, 0.478]         0.21      0.28    [0.40, 0.40]    [1.38, 1.39]
80+       77     38   38     0      1     0  [0.494, 0.494]         0.18      0.36    [0.45, 0.45]    [1.42, 1.42]
